212
0.000000 0.000000 0.000000 0.0 0.0 0
2.000000 0.000000 0.000000 1.0 0.0 0 
2.000000 0.000000 2.000000 1.0 1.0 0
0.000000 0.000000 2.000000 0.0 1.0 0
2.000000 0.000000 0.000000 0.0 0.0 0
4.000000 0.000000 0.000000 1.0 0.0 0 
4.000000 0.000000 2.000000 1.0 1.0 0
2.000000 0.000000 2.000000 0.0 1.0 0
4.000000 0.000000 0.000000 0.0 0.0 0
6.000000 0.000000 0.000000 1.0 0.0 0 
6.000000 0.000000 2.000000 1.0 1.0 0
4.000000 0.000000 2.000000 0.0 1.0 0
6.000000 0.000000 0.000000 0.0 0.0 0
8.000000 0.000000 0.000000 1.0 0.0 0 
8.000000 0.000000 2.000000 1.0 1.0 0
6.000000 0.000000 2.000000 0.0 1.0 0
9.000000 0.000000 0.000000 0.0 0.0 0
11.000000 0.000000 0.000000 1.0 0.0 0 
11.000000 0.000000 2.000000 1.0 1.0 0
9.000000 0.000000 2.000000 0.0 1.0 0
11.000000 0.000000 0.000000 0.0 0.0 0
13.000000 0.000000 0.000000 1.0 0.0 0 
13.000000 0.000000 2.000000 1.0 1.0 0
11.000000 0.000000 2.000000 0.0 1.0 0
13.000000 0.000000 0.000000 0.0 0.0 0
15.000000 0.000000 0.000000 1.0 0.0 0 
15.000000 0.000000 2.000000 1.0 1.0 0
13.000000 0.000000 2.000000 0.0 1.0 0
15.000000 0.000000 0.000000 0.0 0.0 0
17.000000 0.000000 0.000000 1.0 0.0 0 
17.000000 0.000000 2.000000 1.0 1.0 0
15.000000 0.000000 2.000000 0.0 1.0 0
0.000000 0.000000 2.000000 0.0 0.0 0
2.000000 0.000000 2.000000 1.0 0.0 0 
2.000000 0.000000 4.000000 1.0 1.0 0
0.000000 0.000000 4.000000 0.0 1.0 0
2.000000 0.000000 2.000000 0.0 0.0 0
4.000000 0.000000 2.000000 1.0 0.0 0 
4.000000 0.000000 4.000000 1.0 1.0 0
2.000000 0.000000 4.000000 0.0 1.0 0
4.000000 0.000000 2.000000 0.0 0.0 0
6.000000 0.000000 2.000000 1.0 0.0 0 
6.000000 0.000000 4.000000 1.0 1.0 0
4.000000 0.000000 4.000000 0.0 1.0 0
6.000000 0.000000 2.000000 0.0 0.0 0
8.000000 0.000000 2.000000 1.0 0.0 0 
8.000000 0.000000 4.000000 1.0 1.0 0
6.000000 0.000000 4.000000 0.0 1.0 0
9.000000 0.000000 2.000000 0.0 0.0 0
11.000000 0.000000 2.000000 1.0 0.0 0 
11.000000 0.000000 4.000000 1.0 1.0 0
9.000000 0.000000 4.000000 0.0 1.0 0
11.000000 0.000000 2.000000 0.0 0.0 0
13.000000 0.000000 2.000000 1.0 0.0 0 
13.000000 0.000000 4.000000 1.0 1.0 0
11.000000 0.000000 4.000000 0.0 1.0 0
13.000000 0.000000 2.000000 0.0 0.0 0
15.000000 0.000000 2.000000 1.0 0.0 0 
15.000000 0.000000 4.000000 1.0 1.0 0
13.000000 0.000000 4.000000 0.0 1.0 0
15.000000 0.000000 2.000000 0.0 0.0 0
17.000000 0.000000 2.000000 1.0 0.0 0 
17.000000 0.000000 4.000000 1.0 1.0 0
15.000000 0.000000 4.000000 0.0 1.0 0
0.000000 0.000000 4.000000 0.0 0.0 0
2.000000 0.000000 4.000000 1.0 0.0 0 
2.000000 0.000000 6.000000 1.0 1.0 0
0.000000 0.000000 6.000000 0.0 1.0 0
2.000000 0.000000 4.000000 0.0 0.0 0
4.000000 0.000000 4.000000 1.0 0.0 0 
4.000000 0.000000 6.000000 1.0 1.0 0
2.000000 0.000000 6.000000 0.0 1.0 0
4.000000 0.000000 4.000000 0.0 0.0 0
6.000000 0.000000 4.000000 1.0 0.0 0 
6.000000 0.000000 6.000000 1.0 1.0 0
4.000000 0.000000 6.000000 0.0 1.0 0
6.000000 0.000000 4.000000 0.0 0.0 0
8.000000 0.000000 4.000000 1.0 0.0 0 
8.000000 0.000000 6.000000 1.0 1.0 0
6.000000 0.000000 6.000000 0.0 1.0 0
9.000000 0.000000 4.000000 0.0 0.0 0
11.000000 0.000000 4.000000 1.0 0.0 0 
11.000000 0.000000 6.000000 1.0 1.0 0
9.000000 0.000000 6.000000 0.0 1.0 0
11.000000 0.000000 4.000000 0.0 0.0 0
13.000000 0.000000 4.000000 1.0 0.0 0 
13.000000 0.000000 6.000000 1.0 1.0 0
11.000000 0.000000 6.000000 0.0 1.0 0
13.000000 0.000000 4.000000 0.0 0.0 0
15.000000 0.000000 4.000000 1.0 0.0 0 
15.000000 0.000000 6.000000 1.0 1.0 0
13.000000 0.000000 6.000000 0.0 1.0 0
15.000000 0.000000 4.000000 0.0 0.0 0
17.000000 0.000000 4.000000 1.0 0.0 0 
17.000000 0.000000 6.000000 1.0 1.0 0
15.000000 0.000000 6.000000 0.0 1.0 0
0.000000 0.000000 6.000000 0.0 0.0 0
2.000000 0.000000 6.000000 1.0 0.0 0 
2.000000 0.000000 8.000000 1.0 1.0 0
0.000000 0.000000 8.000000 0.0 1.0 0
2.000000 0.000000 6.000000 0.0 0.0 0
4.000000 0.000000 6.000000 1.0 0.0 0 
4.000000 0.000000 8.000000 1.0 1.0 0
2.000000 0.000000 8.000000 0.0 1.0 0
4.000000 0.000000 6.000000 0.0 0.0 0
6.000000 0.000000 6.000000 1.0 0.0 0 
6.000000 0.000000 8.000000 1.0 1.0 0
4.000000 0.000000 8.000000 0.0 1.0 0
6.000000 0.000000 6.000000 0.0 0.0 0
8.000000 0.000000 6.000000 1.0 0.0 0 
8.000000 0.000000 8.000000 1.0 1.0 0
6.000000 0.000000 8.000000 0.0 1.0 0
9.000000 0.000000 6.000000 0.0 0.0 0
11.000000 0.000000 6.000000 1.0 0.0 0 
11.000000 0.000000 8.000000 1.0 1.0 0
9.000000 0.000000 8.000000 0.0 1.0 0
11.000000 0.000000 6.000000 0.0 0.0 0
13.000000 0.000000 6.000000 1.0 0.0 0 
13.000000 0.000000 8.000000 1.0 1.0 0
11.000000 0.000000 8.000000 0.0 1.0 0
13.000000 0.000000 6.000000 0.0 0.0 0
15.000000 0.000000 6.000000 1.0 0.0 0 
15.000000 0.000000 8.000000 1.0 1.0 0
13.000000 0.000000 8.000000 0.0 1.0 0
15.000000 0.000000 6.000000 0.0 0.0 0
17.000000 0.000000 6.000000 1.0 0.0 0 
17.000000 0.000000 8.000000 1.0 1.0 0
15.000000 0.000000 8.000000 0.0 1.0 0
0.000000 0.000000 8.000000 0.0 0.0 0
2.000000 0.000000 8.000000 1.0 0.0 0 
2.000000 0.000000 10.000000 1.0 1.0 0
0.000000 0.000000 10.000000 0.0 1.0 0
2.000000 0.000000 8.000000 0.0 0.0 0
4.000000 0.000000 8.000000 1.0 0.0 0 
4.000000 0.000000 10.000000 1.0 1.0 0
2.000000 0.000000 10.000000 0.0 1.0 0
4.000000 0.000000 8.000000 0.0 0.0 0
6.000000 0.000000 8.000000 1.0 0.0 0 
6.000000 0.000000 10.000000 1.0 1.0 0
4.000000 0.000000 10.000000 0.0 1.0 0
6.000000 0.000000 8.000000 0.0 0.0 0
8.000000 0.000000 8.000000 1.0 0.0 0 
8.000000 0.000000 10.000000 1.0 1.0 0
6.000000 0.000000 10.000000 0.0 1.0 0
9.000000 0.000000 8.000000 0.0 0.0 0
11.000000 0.000000 8.000000 1.0 0.0 0 
11.000000 0.000000 10.000000 1.0 1.0 0
9.000000 0.000000 10.000000 0.0 1.0 0
11.000000 0.000000 8.000000 0.0 0.0 0
13.000000 0.000000 8.000000 1.0 0.0 0 
13.000000 0.000000 10.000000 1.0 1.0 0
11.000000 0.000000 10.000000 0.0 1.0 0
13.000000 0.000000 8.000000 0.0 0.0 0
15.000000 0.000000 8.000000 1.0 0.0 0 
15.000000 0.000000 10.000000 1.0 1.0 0
13.000000 0.000000 10.000000 0.0 1.0 0
15.000000 0.000000 8.000000 0.0 0.0 0
17.000000 0.000000 8.000000 1.0 0.0 0 
17.000000 0.000000 10.000000 1.0 1.0 0
15.000000 0.000000 10.000000 0.0 1.0 0
0.000000 0.000000 10.000000 0.0 0.0 0
2.000000 0.000000 10.000000 1.0 0.0 0 
2.000000 0.000000 12.000000 1.0 1.0 0
0.000000 0.000000 12.000000 0.0 1.0 0
2.000000 0.000000 10.000000 0.0 0.0 0
4.000000 0.000000 10.000000 1.0 0.0 0 
4.000000 0.000000 12.000000 1.0 1.0 0
2.000000 0.000000 12.000000 0.0 1.0 0
4.000000 0.000000 10.000000 0.0 0.0 0
6.000000 0.000000 10.000000 1.0 0.0 0 
6.000000 0.000000 12.000000 1.0 1.0 0
4.000000 0.000000 12.000000 0.0 1.0 0
6.000000 0.000000 10.000000 0.0 0.0 0
8.000000 0.000000 10.000000 1.0 0.0 0 
8.000000 0.000000 12.000000 1.0 1.0 0
6.000000 0.000000 12.000000 0.0 1.0 0
9.000000 0.000000 10.000000 0.0 0.0 0
11.000000 0.000000 10.000000 1.0 0.0 0 
11.000000 0.000000 12.000000 1.0 1.0 0
9.000000 0.000000 12.000000 0.0 1.0 0
11.000000 0.000000 10.000000 0.0 0.0 0
13.000000 0.000000 10.000000 1.0 0.0 0 
13.000000 0.000000 12.000000 1.0 1.0 0
11.000000 0.000000 12.000000 0.0 1.0 0
13.000000 0.000000 10.000000 0.0 0.0 0
15.000000 0.000000 10.000000 1.0 0.0 0 
15.000000 0.000000 12.000000 1.0 1.0 0
13.000000 0.000000 12.000000 0.0 1.0 0
15.000000 0.000000 10.000000 0.0 0.0 0
17.000000 0.000000 10.000000 1.0 0.0 0 
17.000000 0.000000 12.000000 1.0 1.0 0
15.000000 0.000000 12.000000 0.0 1.0 0
0.000000 0.000000 12.000000 0.0 0.0 0
2.000000 0.000000 12.000000 1.0 0.0 0 
2.000000 0.000000 14.000000 1.0 1.0 0
0.000000 0.000000 14.000000 0.0 1.0 0
2.000000 0.000000 12.000000 0.0 0.0 0
4.000000 0.000000 12.000000 1.0 0.0 0 
4.000000 0.000000 14.000000 1.0 1.0 0
2.000000 0.000000 14.000000 0.0 1.0 0
4.000000 0.000000 12.000000 0.0 0.0 0
6.000000 0.000000 12.000000 1.0 0.0 0 
6.000000 0.000000 14.000000 1.0 1.0 0
4.000000 0.000000 14.000000 0.0 1.0 0
6.000000 0.000000 12.000000 0.0 0.0 0
8.000000 0.000000 12.000000 1.0 0.0 0 
8.000000 0.000000 14.000000 1.0 1.0 0
6.000000 0.000000 14.000000 0.0 1.0 0
9.000000 0.000000 12.000000 0.0 0.0 0
11.000000 0.000000 12.000000 1.0 0.0 0 
11.000000 0.000000 14.000000 1.0 1.0 0
9.000000 0.000000 14.000000 0.0 1.0 0
11.000000 0.000000 12.000000 0.0 0.0 0
13.000000 0.000000 12.000000 1.0 0.0 0 
13.000000 0.000000 14.000000 1.0 1.0 0
11.000000 0.000000 14.000000 0.0 1.0 0
13.000000 0.000000 12.000000 0.0 0.0 0
15.000000 0.000000 12.000000 1.0 0.0 0 
15.000000 0.000000 14.000000 1.0 1.0 0
13.000000 0.000000 14.000000 0.0 1.0 0
15.000000 0.000000 12.000000 0.0 0.0 0
17.000000 0.000000 12.000000 1.0 0.0 0 
17.000000 0.000000 14.000000 1.0 1.0 0
15.000000 0.000000 14.000000 0.0 1.0 0
0.000000 0.000000 14.000000 0.0 0.0 0
2.000000 0.000000 14.000000 1.0 0.0 0 
2.000000 0.000000 16.000000 1.0 1.0 0
0.000000 0.000000 16.000000 0.0 1.0 0
2.000000 0.000000 14.000000 0.0 0.0 0
4.000000 0.000000 14.000000 1.0 0.0 0 
4.000000 0.000000 16.000000 1.0 1.0 0
2.000000 0.000000 16.000000 0.0 1.0 0
4.000000 0.000000 14.000000 0.0 0.0 0
6.000000 0.000000 14.000000 1.0 0.0 0 
6.000000 0.000000 16.000000 1.0 1.0 0
4.000000 0.000000 16.000000 0.0 1.0 0
6.000000 0.000000 14.000000 0.0 0.0 0
8.000000 0.000000 14.000000 1.0 0.0 0 
8.000000 0.000000 16.000000 1.0 1.0 0
6.000000 0.000000 16.000000 0.0 1.0 0
9.000000 0.000000 14.000000 0.0 0.0 0
11.000000 0.000000 14.000000 1.0 0.0 0 
11.000000 0.000000 16.000000 1.0 1.0 0
9.000000 0.000000 16.000000 0.0 1.0 0
11.000000 0.000000 14.000000 0.0 0.0 0
13.000000 0.000000 14.000000 1.0 0.0 0 
13.000000 0.000000 16.000000 1.0 1.0 0
11.000000 0.000000 16.000000 0.0 1.0 0
13.000000 0.000000 14.000000 0.0 0.0 0
15.000000 0.000000 14.000000 1.0 0.0 0 
15.000000 0.000000 16.000000 1.0 1.0 0
13.000000 0.000000 16.000000 0.0 1.0 0
15.000000 0.000000 14.000000 0.0 0.0 0
17.000000 0.000000 14.000000 1.0 0.0 0 
17.000000 0.000000 16.000000 1.0 1.0 0
15.000000 0.000000 16.000000 0.0 1.0 0
0.000000 0.000000 0.000000 0.000000 0.000000 1
2.000000 0.000000 0.000000 1.000000 0.000000 1
2.000000 0.500000 0.000000 1.000000 0.250000 1
0.000000 0.500000 0.000000 0.000000 0.250000 1
2.000000 0.000000 0.000000 0.000000 0.000000 1
4.000000 0.000000 0.000000 1.000000 0.000000 1
4.000000 0.500000 0.000000 1.000000 0.250000 1
2.000000 0.500000 0.000000 0.000000 0.250000 1
4.000000 0.000000 0.000000 0.000000 0.000000 1
6.000000 0.000000 0.000000 1.000000 0.000000 1
6.000000 0.500000 0.000000 1.000000 0.250000 1
4.000000 0.500000 0.000000 0.000000 0.250000 1
6.000000 0.000000 0.000000 0.000000 0.000000 1
8.000000 0.000000 0.000000 1.000000 0.000000 1
8.000000 0.500000 0.000000 1.000000 0.250000 1
6.000000 0.500000 0.000000 0.000000 0.250000 1
8.000000 0.000000 0.000000 0.000000 0.000000 1
10.000000 0.000000 0.000000 1.000000 0.000000 1
10.000000 0.500000 0.000000 1.000000 0.250000 1
8.000000 0.500000 0.000000 0.000000 0.250000 1
10.000000 0.000000 0.000000 0.000000 0.000000 1
12.000000 0.000000 0.000000 1.000000 0.000000 1
12.000000 0.500000 0.000000 1.000000 0.250000 1
10.000000 0.500000 0.000000 0.000000 0.250000 1
12.000000 0.000000 0.000000 0.000000 0.000000 1
14.000000 0.000000 0.000000 1.000000 0.000000 1
14.000000 0.500000 0.000000 1.000000 0.250000 1
12.000000 0.500000 0.000000 0.000000 0.250000 1
14.000000 0.000000 0.000000 0.000000 0.000000 1
16.000000 0.000000 0.000000 1.000000 0.000000 1
16.000000 0.500000 0.000000 1.000000 0.250000 1
14.000000 0.500000 0.000000 0.000000 0.250000 1
16.000000 0.000000 0.000000 0.000000 0.000000 1
17.000000 0.000000 0.000000 0.500000 0.000000 1
17.000000 0.500000 0.000000 0.500000 0.250000 1
16.000000 0.500000 0.000000 0.000000 0.250000 1
-0.500000 0.000000 -0.500000 0.250000 0.000000 1
0.000000 0.000000 -0.500000 0.500000 0.000000 1
0.000000 0.500000 -0.500000 0.500000 0.250000 1
-0.500000 0.500000 -0.500000 0.250000 0.250000 1
0.000000 0.000000 -0.500000 0.000000 0.000000 1
2.000000 0.000000 -0.500000 1.000000 0.000000 1
2.000000 0.500000 -0.500000 1.000000 0.250000 1
0.000000 0.500000 -0.500000 0.000000 0.250000 1
2.000000 0.000000 -0.500000 0.000000 0.000000 1
4.000000 0.000000 -0.500000 1.000000 0.000000 1
4.000000 0.500000 -0.500000 1.000000 0.250000 1
2.000000 0.500000 -0.500000 0.000000 0.250000 1
4.000000 0.000000 -0.500000 0.000000 0.000000 1
6.000000 0.000000 -0.500000 1.000000 0.000000 1
6.000000 0.500000 -0.500000 1.000000 0.250000 1
4.000000 0.500000 -0.500000 0.000000 0.250000 1
6.000000 0.000000 -0.500000 0.000000 0.000000 1
8.000000 0.000000 -0.500000 1.000000 0.000000 1
8.000000 0.500000 -0.500000 1.000000 0.250000 1
6.000000 0.500000 -0.500000 0.000000 0.250000 1
8.000000 0.000000 -0.500000 0.000000 0.000000 1
10.000000 0.000000 -0.500000 1.000000 0.000000 1
10.000000 0.500000 -0.500000 1.000000 0.250000 1
8.000000 0.500000 -0.500000 0.000000 0.250000 1
10.000000 0.000000 -0.500000 0.000000 0.000000 1
12.000000 0.000000 -0.500000 1.000000 0.000000 1
12.000000 0.500000 -0.500000 1.000000 0.250000 1
10.000000 0.500000 -0.500000 0.000000 0.250000 1
12.000000 0.000000 -0.500000 0.000000 0.000000 1
14.000000 0.000000 -0.500000 1.000000 0.000000 1
14.000000 0.500000 -0.500000 1.000000 0.250000 1
12.000000 0.500000 -0.500000 0.000000 0.250000 1
14.000000 0.000000 -0.500000 0.000000 0.000000 1
16.000000 0.000000 -0.500000 1.000000 0.000000 1
16.000000 0.500000 -0.500000 1.000000 0.250000 1
14.000000 0.500000 -0.500000 0.000000 0.250000 1
16.000000 0.000000 -0.500000 0.000000 0.000000 1
17.500000 0.000000 -0.500000 0.750000 0.000000 1
17.500000 0.500000 -0.500000 0.750000 0.250000 1
16.000000 0.500000 -0.500000 0.000000 0.250000 1
-0.500000 0.500000 -0.500000 0.0 0.0 1
0.000000 0.500000 -0.500000 1.0 0.0 1 
0.000000 0.500000 0.000000 1.0 1.0 1
-0.500000 0.500000 0.000000 0.0 1.0 1
0.000000 0.500000 -0.500000 0.0 0.0 1
2.000000 0.500000 -0.500000 1.0 0.0 1 
2.000000 0.500000 0.000000 1.0 1.0 1
0.000000 0.500000 0.000000 0.0 1.0 1
2.000000 0.500000 -0.500000 0.0 0.0 1
4.000000 0.500000 -0.500000 1.0 0.0 1 
4.000000 0.500000 0.000000 1.0 1.0 1
2.000000 0.500000 0.000000 0.0 1.0 1
4.000000 0.500000 -0.500000 0.0 0.0 1
6.000000 0.500000 -0.500000 1.0 0.0 1 
6.000000 0.500000 0.000000 1.0 1.0 1
4.000000 0.500000 0.000000 0.0 1.0 1
6.000000 0.500000 -0.500000 0.0 0.0 1
8.000000 0.500000 -0.500000 1.0 0.0 1 
8.000000 0.500000 0.000000 1.0 1.0 1
6.000000 0.500000 0.000000 0.0 1.0 1
8.000000 0.500000 -0.500000 0.0 0.0 1
10.000000 0.500000 -0.500000 1.0 0.0 1 
10.000000 0.500000 0.000000 1.0 1.0 1
8.000000 0.500000 0.000000 0.0 1.0 1
10.000000 0.500000 -0.500000 0.0 0.0 1
12.000000 0.500000 -0.500000 1.0 0.0 1 
12.000000 0.500000 0.000000 1.0 1.0 1
10.000000 0.500000 0.000000 0.0 1.0 1
12.000000 0.500000 -0.500000 0.0 0.0 1
14.000000 0.500000 -0.500000 1.0 0.0 1 
14.000000 0.500000 0.000000 1.0 1.0 1
12.000000 0.500000 0.000000 0.0 1.0 1
14.000000 0.500000 -0.500000 0.0 0.0 1
16.000000 0.500000 -0.500000 1.0 0.0 1 
16.000000 0.500000 0.000000 1.0 1.0 1
14.000000 0.500000 0.000000 0.0 1.0 1
16.000000 0.500000 -0.500000 0.0 0.0 1
17.500000 0.500000 -0.500000 1.0 0.0 1 
17.500000 0.500000 0.000000 1.0 1.0 1
16.000000 0.500000 0.000000 0.0 1.0 1
0.000000 0.000000 0.000000 0.000000 0.000000 1
0.000000 0.000000 2.000000 1.000000 0.000000 1
0.000000 0.500000 2.000000 1.000000 0.250000 1
0.000000 0.500000 0.000000 0.000000 0.250000 1
0.000000 0.000000 2.000000 0.000000 0.000000 1
0.000000 0.000000 4.000000 1.000000 0.000000 1
0.000000 0.500000 4.000000 1.000000 0.250000 1
0.000000 0.500000 2.000000 0.000000 0.250000 1
0.000000 0.000000 4.000000 0.000000 0.000000 1
0.000000 0.000000 6.000000 1.000000 0.000000 1
0.000000 0.500000 6.000000 1.000000 0.250000 1
0.000000 0.500000 4.000000 0.000000 0.250000 1
0.000000 0.000000 6.000000 0.000000 0.000000 1
0.000000 0.000000 8.000000 1.000000 0.000000 1
0.000000 0.500000 8.000000 1.000000 0.250000 1
0.000000 0.500000 6.000000 0.000000 0.250000 1
0.000000 0.000000 8.000000 0.000000 0.000000 1
0.000000 0.000000 10.000000 1.000000 0.000000 1
0.000000 0.500000 10.000000 1.000000 0.250000 1
0.000000 0.500000 8.000000 0.000000 0.250000 1
0.000000 0.000000 10.000000 0.000000 0.000000 1
0.000000 0.000000 12.000000 1.000000 0.000000 1
0.000000 0.500000 12.000000 1.000000 0.250000 1
0.000000 0.500000 10.000000 0.000000 0.250000 1
0.000000 0.000000 12.000000 0.000000 0.000000 1
0.000000 0.000000 14.000000 1.000000 0.000000 1
0.000000 0.500000 14.000000 1.000000 0.250000 1
0.000000 0.500000 12.000000 0.000000 0.250000 1
0.000000 0.000000 14.000000 0.000000 0.000000 1
0.000000 0.000000 16.000000 1.000000 0.000000 1
0.000000 0.500000 16.000000 1.000000 0.250000 1
0.000000 0.500000 14.000000 0.000000 0.250000 1
-0.500000 0.000000 -0.500000 0.250000 0.000000 1
-0.500000 0.000000 0.000000 0.500000 0.000000 1
-0.500000 0.500000 0.000000 0.500000 0.250000 1
-0.500000 0.500000 -0.500000 0.250000 0.250000 1
-0.500000 0.000000 0.000000 0.000000 0.000000 1
-0.500000 0.000000 2.000000 1.000000 0.000000 1
-0.500000 0.500000 2.000000 1.000000 0.250000 1
-0.500000 0.500000 0.000000 0.000000 0.250000 1
-0.500000 0.000000 2.000000 0.000000 0.000000 1
-0.500000 0.000000 4.000000 1.000000 0.000000 1
-0.500000 0.500000 4.000000 1.000000 0.250000 1
-0.500000 0.500000 2.000000 0.000000 0.250000 1
-0.500000 0.000000 4.000000 0.000000 0.000000 1
-0.500000 0.000000 6.000000 1.000000 0.000000 1
-0.500000 0.500000 6.000000 1.000000 0.250000 1
-0.500000 0.500000 4.000000 0.000000 0.250000 1
-0.500000 0.000000 6.000000 0.000000 0.000000 1
-0.500000 0.000000 8.000000 1.000000 0.000000 1
-0.500000 0.500000 8.000000 1.000000 0.250000 1
-0.500000 0.500000 6.000000 0.000000 0.250000 1
-0.500000 0.000000 8.000000 0.000000 0.000000 1
-0.500000 0.000000 10.000000 1.000000 0.000000 1
-0.500000 0.500000 10.000000 1.000000 0.250000 1
-0.500000 0.500000 8.000000 0.000000 0.250000 1
-0.500000 0.000000 10.000000 0.000000 0.000000 1
-0.500000 0.000000 12.000000 1.000000 0.000000 1
-0.500000 0.500000 12.000000 1.000000 0.250000 1
-0.500000 0.500000 10.000000 0.000000 0.250000 1
-0.500000 0.000000 12.000000 0.000000 0.000000 1
-0.500000 0.000000 14.000000 1.000000 0.000000 1
-0.500000 0.500000 14.000000 1.000000 0.250000 1
-0.500000 0.500000 12.000000 0.000000 0.250000 1
-0.500000 0.000000 14.000000 0.000000 0.000000 1
-0.500000 0.000000 16.000000 1.000000 0.000000 1
-0.500000 0.500000 16.000000 1.000000 0.250000 1
-0.500000 0.500000 14.000000 0.000000 0.250000 1
-0.500000 0.500000 0.000000 0.0 0.0 1
0.000000 0.500000 0.000000 1.0 0.0 1 
0.000000 0.500000 2.000000 1.0 1.0 1
-0.500000 0.500000 2.000000 0.0 1.0 1
-0.500000 0.500000 2.000000 0.0 0.0 1
0.000000 0.500000 2.000000 1.0 0.0 1 
0.000000 0.500000 4.000000 1.0 1.0 1
-0.500000 0.500000 4.000000 0.0 1.0 1
-0.500000 0.500000 4.000000 0.0 0.0 1
0.000000 0.500000 4.000000 1.0 0.0 1 
0.000000 0.500000 6.000000 1.0 1.0 1
-0.500000 0.500000 6.000000 0.0 1.0 1
-0.500000 0.500000 6.000000 0.0 0.0 1
0.000000 0.500000 6.000000 1.0 0.0 1 
0.000000 0.500000 8.000000 1.0 1.0 1
-0.500000 0.500000 8.000000 0.0 1.0 1
-0.500000 0.500000 8.000000 0.0 0.0 1
0.000000 0.500000 8.000000 1.0 0.0 1 
0.000000 0.500000 10.000000 1.0 1.0 1
-0.500000 0.500000 10.000000 0.0 1.0 1
-0.500000 0.500000 10.000000 0.0 0.0 1
0.000000 0.500000 10.000000 1.0 0.0 1 
0.000000 0.500000 12.000000 1.0 1.0 1
-0.500000 0.500000 12.000000 0.0 1.0 1
-0.500000 0.500000 12.000000 0.0 0.0 1
0.000000 0.500000 12.000000 1.0 0.0 1 
0.000000 0.500000 14.000000 1.0 1.0 1
-0.500000 0.500000 14.000000 0.0 1.0 1
-0.500000 0.500000 14.000000 0.0 0.0 1
0.000000 0.500000 14.000000 1.0 0.0 1 
0.000000 0.500000 16.000000 1.0 1.0 1
-0.500000 0.500000 16.000000 0.0 1.0 1
17.000000 0.000000 0.000000 0.000000 0.000000 1
17.000000 0.000000 2.000000 1.000000 0.000000 1
17.000000 0.500000 2.000000 1.000000 0.250000 1
17.000000 0.500000 0.000000 0.000000 0.250000 1
17.000000 0.000000 2.000000 0.000000 0.000000 1
17.000000 0.000000 4.000000 1.000000 0.000000 1
17.000000 0.500000 4.000000 1.000000 0.250000 1
17.000000 0.500000 2.000000 0.000000 0.250000 1
17.000000 0.000000 4.000000 0.000000 0.000000 1
17.000000 0.000000 6.000000 1.000000 0.000000 1
17.000000 0.500000 6.000000 1.000000 0.250000 1
17.000000 0.500000 4.000000 0.000000 0.250000 1
17.000000 0.000000 6.000000 0.000000 0.000000 1
17.000000 0.000000 8.000000 1.000000 0.000000 1
17.000000 0.500000 8.000000 1.000000 0.250000 1
17.000000 0.500000 6.000000 0.000000 0.250000 1
17.000000 0.000000 8.000000 0.000000 0.000000 1
17.000000 0.000000 10.000000 1.000000 0.000000 1
17.000000 0.500000 10.000000 1.000000 0.250000 1
17.000000 0.500000 8.000000 0.000000 0.250000 1
17.000000 0.000000 10.000000 0.000000 0.000000 1
17.000000 0.000000 12.000000 1.000000 0.000000 1
17.000000 0.500000 12.000000 1.000000 0.250000 1
17.000000 0.500000 10.000000 0.000000 0.250000 1
17.000000 0.000000 12.000000 0.000000 0.000000 1
17.000000 0.000000 14.000000 1.000000 0.000000 1
17.000000 0.500000 14.000000 1.000000 0.250000 1
17.000000 0.500000 12.000000 0.000000 0.250000 1
17.000000 0.000000 14.000000 0.000000 0.000000 1
17.000000 0.000000 16.000000 1.000000 0.000000 1
17.000000 0.500000 16.000000 1.000000 0.250000 1
17.000000 0.500000 14.000000 0.000000 0.250000 1
17.500000 0.000000 -0.500000 0.250000 0.000000 1
17.500000 0.000000 0.000000 0.500000 0.000000 1
17.500000 0.500000 0.000000 0.500000 0.250000 1
17.500000 0.500000 -0.500000 0.250000 0.250000 1
17.500000 0.000000 0.000000 0.000000 0.000000 1
17.500000 0.000000 2.000000 1.000000 0.000000 1
17.500000 0.500000 2.000000 1.000000 0.250000 1
17.500000 0.500000 0.000000 0.000000 0.250000 1
17.500000 0.000000 2.000000 0.000000 0.000000 1
17.500000 0.000000 4.000000 1.000000 0.000000 1
17.500000 0.500000 4.000000 1.000000 0.250000 1
17.500000 0.500000 2.000000 0.000000 0.250000 1
17.500000 0.000000 4.000000 0.000000 0.000000 1
17.500000 0.000000 6.000000 1.000000 0.000000 1
17.500000 0.500000 6.000000 1.000000 0.250000 1
17.500000 0.500000 4.000000 0.000000 0.250000 1
17.500000 0.000000 6.000000 0.000000 0.000000 1
17.500000 0.000000 8.000000 1.000000 0.000000 1
17.500000 0.500000 8.000000 1.000000 0.250000 1
17.500000 0.500000 6.000000 0.000000 0.250000 1
17.500000 0.000000 8.000000 0.000000 0.000000 1
17.500000 0.000000 10.000000 1.000000 0.000000 1
17.500000 0.500000 10.000000 1.000000 0.250000 1
17.500000 0.500000 8.000000 0.000000 0.250000 1
17.500000 0.000000 10.000000 0.000000 0.000000 1
17.500000 0.000000 12.000000 1.000000 0.000000 1
17.500000 0.500000 12.000000 1.000000 0.250000 1
17.500000 0.500000 10.000000 0.000000 0.250000 1
17.500000 0.000000 12.000000 0.000000 0.000000 1
17.500000 0.000000 14.000000 1.000000 0.000000 1
17.500000 0.500000 14.000000 1.000000 0.250000 1
17.500000 0.500000 12.000000 0.000000 0.250000 1
17.500000 0.000000 14.000000 0.000000 0.000000 1
17.500000 0.000000 16.000000 1.000000 0.000000 1
17.500000 0.500000 16.000000 1.000000 0.250000 1
17.500000 0.500000 14.000000 0.000000 0.250000 1
17.000000 0.500000 0.000000 0.0 0.0 1
17.500000 0.500000 0.000000 1.0 0.0 1 
17.500000 0.500000 2.000000 1.0 1.0 1
17.000000 0.500000 2.000000 0.0 1.0 1
17.000000 0.500000 2.000000 0.0 0.0 1
17.500000 0.500000 2.000000 1.0 0.0 1 
17.500000 0.500000 4.000000 1.0 1.0 1
17.000000 0.500000 4.000000 0.0 1.0 1
17.000000 0.500000 4.000000 0.0 0.0 1
17.500000 0.500000 4.000000 1.0 0.0 1 
17.500000 0.500000 6.000000 1.0 1.0 1
17.000000 0.500000 6.000000 0.0 1.0 1
17.000000 0.500000 6.000000 0.0 0.0 1
17.500000 0.500000 6.000000 1.0 0.0 1 
17.500000 0.500000 8.000000 1.0 1.0 1
17.000000 0.500000 8.000000 0.0 1.0 1
17.000000 0.500000 8.000000 0.0 0.0 1
17.500000 0.500000 8.000000 1.0 0.0 1 
17.500000 0.500000 10.000000 1.0 1.0 1
17.000000 0.500000 10.000000 0.0 1.0 1
17.000000 0.500000 10.000000 0.0 0.0 1
17.500000 0.500000 10.000000 1.0 0.0 1 
17.500000 0.500000 12.000000 1.0 1.0 1
17.000000 0.500000 12.000000 0.0 1.0 1
17.000000 0.500000 12.000000 0.0 0.0 1
17.500000 0.500000 12.000000 1.0 0.0 1 
17.500000 0.500000 14.000000 1.0 1.0 1
17.000000 0.500000 14.000000 0.0 1.0 1
17.000000 0.500000 14.000000 0.0 0.0 1
17.500000 0.500000 14.000000 1.0 0.0 1 
17.500000 0.500000 16.000000 1.0 1.0 1
17.000000 0.500000 16.000000 0.0 1.0 1
8.000000 -2.000000 16.000000 0.000000 0.000000 2
10.000000 -2.000000 16.000000 1.000000 0.000000 2
10.000000 0.000000 16.000000 1.000000 1.000000 2
8.000000 0.000000 16.000000 0.000000 1.000000 2
0.000000 0.000000 16.000000 0.000000 0.000000 2
2.000000 0.000000 16.000000 1.000000 0.000000 2
2.000000 2.000000 16.000000 1.000000 1.000000 2
0.000000 2.000000 16.000000 0.000000 1.000000 2
2.000000 0.000000 16.000000 0.000000 0.000000 2
4.000000 0.000000 16.000000 1.000000 0.000000 2
4.000000 2.000000 16.000000 1.000000 1.000000 2
2.000000 2.000000 16.000000 0.000000 1.000000 2
4.000000 0.000000 16.000000 0.000000 0.000000 2
6.000000 0.000000 16.000000 1.000000 0.000000 2
6.000000 2.000000 16.000000 1.000000 1.000000 2
4.000000 2.000000 16.000000 0.000000 1.000000 2
6.000000 0.000000 16.000000 0.000000 0.000000 2
8.000000 0.000000 16.000000 1.000000 0.000000 2
8.000000 2.000000 16.000000 1.000000 1.000000 2
6.000000 2.000000 16.000000 0.000000 1.000000 2
8.000000 0.000000 16.000000 0.000000 0.000000 2
10.000000 0.000000 16.000000 1.000000 0.000000 2
10.000000 2.000000 16.000000 1.000000 1.000000 2
8.000000 2.000000 16.000000 0.000000 1.000000 2
10.000000 0.000000 16.000000 0.000000 0.000000 2
12.000000 0.000000 16.000000 1.000000 0.000000 2
12.000000 2.000000 16.000000 1.000000 1.000000 2
10.000000 2.000000 16.000000 0.000000 1.000000 2
12.000000 0.000000 16.000000 0.000000 0.000000 2
14.000000 0.000000 16.000000 1.000000 0.000000 2
14.000000 2.000000 16.000000 1.000000 1.000000 2
12.000000 2.000000 16.000000 0.000000 1.000000 2
14.000000 0.000000 16.000000 0.000000 0.000000 2
17.000000 0.000000 16.000000 1.500000 0.000000 2
17.000000 2.000000 16.000000 1.500000 1.000000 2
14.000000 2.000000 16.000000 0.000000 1.000000 2
0.000000 2.000000 16.000000 0.000000 0.000000 2
2.000000 2.000000 16.000000 1.000000 0.000000 2
2.000000 3.000000 16.000000 1.000000 0.500000 2
0.000000 3.000000 16.000000 0.000000 0.500000 2
2.000000 2.000000 16.000000 0.000000 0.000000 2
4.000000 2.000000 16.000000 1.000000 0.000000 2
4.000000 3.000000 16.000000 1.000000 0.500000 2
2.000000 3.000000 16.000000 0.000000 0.500000 2
4.000000 2.000000 16.000000 0.000000 0.000000 2
6.000000 2.000000 16.000000 1.000000 0.000000 2
6.000000 3.000000 16.000000 1.000000 0.500000 2
4.000000 3.000000 16.000000 0.000000 0.500000 2
6.000000 2.000000 16.000000 0.000000 0.000000 2
8.000000 2.000000 16.000000 1.000000 0.000000 2
8.000000 3.000000 16.000000 1.000000 0.500000 2
6.000000 3.000000 16.000000 0.000000 0.500000 2
9.000000 2.000000 16.000000 0.500000 0.000000 2
10.000000 2.000000 16.000000 1.000000 0.000000 2
10.000000 3.000000 16.000000 1.000000 0.500000 2
9.000000 3.000000 16.000000 0.500000 0.500000 2
10.000000 2.000000 16.000000 0.000000 0.000000 2
12.000000 2.000000 16.000000 1.000000 0.000000 2
12.000000 3.000000 16.000000 1.000000 0.500000 2
10.000000 3.000000 16.000000 0.000000 0.500000 2
12.000000 2.000000 16.000000 0.000000 0.000000 2
14.000000 2.000000 16.000000 1.000000 0.000000 2
14.000000 3.000000 16.000000 1.000000 0.500000 2
12.000000 3.000000 16.000000 0.000000 0.500000 2
14.000000 2.000000 16.000000 0.000000 0.000000 2
17.000000 2.000000 16.000000 1.500000 0.000000 2
17.000000 3.000000 16.000000 1.500000 0.500000 2
14.000000 3.000000 16.000000 0.000000 0.500000 2
9.000000 2.000000 16.000000 0.000000 0.000000 2
9.000000 2.000000 24.000000 4.000000 0.000000 2
9.000000 3.000000 24.000000 4.000000 0.500000 2
9.000000 3.000000 16.000000 0.000000 0.500000 2
8.000000 2.000000 16.000000 0.000000 0.000000 2
8.000000 2.000000 24.000000 4.000000 0.000000 2
8.000000 3.000000 24.000000 4.000000 0.500000 2
8.000000 3.000000 16.000000 0.000000 0.500000 2
8.000000 -0.600000 0.000000 0.0 0.0 2
9.000000 -0.600000 0.000000 1.0 0.0 2 
9.000000 -0.600000 2.000000 1.0 1.0 2
8.000000 -0.600000 2.000000 0.0 1.0 2
8.000000 -0.600000 2.000000 0.0 0.0 2
9.000000 -0.600000 2.000000 1.0 0.0 2 
9.000000 -0.600000 4.000000 1.0 1.0 2
8.000000 -0.600000 4.000000 0.0 1.0 2
8.000000 -0.600000 4.000000 0.0 0.0 2
9.000000 -0.600000 4.000000 1.0 0.0 2 
9.000000 -0.600000 6.000000 1.0 1.0 2
8.000000 -0.600000 6.000000 0.0 1.0 2
8.000000 -0.600000 6.000000 0.0 0.0 2
9.000000 -0.600000 6.000000 1.0 0.0 2 
9.000000 -0.600000 8.000000 1.0 1.0 2
8.000000 -0.600000 8.000000 0.0 1.0 2
8.000000 -0.600000 8.000000 0.0 0.0 2
9.000000 -0.600000 8.000000 1.0 0.0 2 
9.000000 -0.600000 10.000000 1.0 1.0 2
8.000000 -0.600000 10.000000 0.0 1.0 2
8.000000 -0.600000 10.000000 0.0 0.0 2
9.000000 -0.600000 10.000000 1.0 0.0 2 
9.000000 -0.600000 12.000000 1.0 1.0 2
8.000000 -0.600000 12.000000 0.0 1.0 2
8.000000 -0.600000 12.000000 0.0 0.0 2
9.000000 -0.600000 12.000000 1.0 0.0 2 
9.000000 -0.600000 14.000000 1.0 1.0 2
8.000000 -0.600000 14.000000 0.0 1.0 2
8.000000 -0.600000 14.000000 0.0 0.0 2
9.000000 -0.600000 14.000000 1.0 0.0 2 
9.000000 -0.600000 16.000000 1.0 1.0 2
8.000000 -0.600000 16.000000 0.0 1.0 2
8.000000 -0.600000 0.000000 0.000000 -0.300000 4
8.000000 -0.600000 2.000000 1.000000 -0.300000 4
8.000000 0.000000 2.000000 1.000000 0.000000 4
8.000000 0.000000 0.000000 0.000000 0.000000 4
8.000000 -0.600000 2.000000 0.000000 -0.300000 4
8.000000 -0.600000 4.000000 1.000000 -0.300000 4
8.000000 0.000000 4.000000 1.000000 0.000000 4
8.000000 0.000000 2.000000 0.000000 0.000000 4
8.000000 -0.600000 4.000000 0.000000 -0.300000 4
8.000000 -0.600000 6.000000 1.000000 -0.300000 4
8.000000 0.000000 6.000000 1.000000 0.000000 4
8.000000 0.000000 4.000000 0.000000 0.000000 4
8.000000 -0.600000 6.000000 0.000000 -0.300000 4
8.000000 -0.600000 8.000000 1.000000 -0.300000 4
8.000000 0.000000 8.000000 1.000000 0.000000 4
8.000000 0.000000 6.000000 0.000000 0.000000 4
8.000000 -0.600000 8.000000 0.000000 -0.300000 4
8.000000 -0.600000 10.000000 1.000000 -0.300000 4
8.000000 0.000000 10.000000 1.000000 0.000000 4
8.000000 0.000000 8.000000 0.000000 0.000000 4
8.000000 -0.600000 10.000000 0.000000 -0.300000 4
8.000000 -0.600000 12.000000 1.000000 -0.300000 4
8.000000 0.000000 12.000000 1.000000 0.000000 4
8.000000 0.000000 10.000000 0.000000 0.000000 4
8.000000 -0.600000 12.000000 0.000000 -0.300000 4
8.000000 -0.600000 14.000000 1.000000 -0.300000 4
8.000000 0.000000 14.000000 1.000000 0.000000 4
8.000000 0.000000 12.000000 0.000000 0.000000 4
8.000000 -0.600000 14.000000 0.000000 -0.300000 4
8.000000 -0.600000 16.000000 1.000000 -0.300000 4
8.000000 0.000000 16.000000 1.000000 0.000000 4
8.000000 0.000000 14.000000 0.000000 0.000000 4
9.000000 -0.600000 0.000000 0.000000 -0.300000 4
9.000000 -0.600000 2.000000 1.000000 -0.300000 4
9.000000 0.000000 2.000000 1.000000 0.000000 4
9.000000 0.000000 0.000000 0.000000 0.000000 4
9.000000 -0.600000 2.000000 0.000000 -0.300000 4
9.000000 -0.600000 4.000000 1.000000 -0.300000 4
9.000000 0.000000 4.000000 1.000000 0.000000 4
9.000000 0.000000 2.000000 0.000000 0.000000 4
9.000000 -0.600000 4.000000 0.000000 -0.300000 4
9.000000 -0.600000 6.000000 1.000000 -0.300000 4
9.000000 0.000000 6.000000 1.000000 0.000000 4
9.000000 0.000000 4.000000 0.000000 0.000000 4
9.000000 -0.600000 6.000000 0.000000 -0.300000 4
9.000000 -0.600000 8.000000 1.000000 -0.300000 4
9.000000 0.000000 8.000000 1.000000 0.000000 4
9.000000 0.000000 6.000000 0.000000 0.000000 4
9.000000 -0.600000 8.000000 0.000000 -0.300000 4
9.000000 -0.600000 10.000000 1.000000 -0.300000 4
9.000000 0.000000 10.000000 1.000000 0.000000 4
9.000000 0.000000 8.000000 0.000000 0.000000 4
9.000000 -0.600000 10.000000 0.000000 -0.300000 4
9.000000 -0.600000 12.000000 1.000000 -0.300000 4
9.000000 0.000000 12.000000 1.000000 0.000000 4
9.000000 0.000000 10.000000 0.000000 0.000000 4
9.000000 -0.600000 12.000000 0.000000 -0.300000 4
9.000000 -0.600000 14.000000 1.000000 -0.300000 4
9.000000 0.000000 14.000000 1.000000 0.000000 4
9.000000 0.000000 12.000000 0.000000 0.000000 4
9.000000 -0.600000 14.000000 0.000000 -0.300000 4
9.000000 -0.600000 16.000000 1.000000 -0.300000 4
9.000000 0.000000 16.000000 1.000000 0.000000 4
9.000000 0.000000 14.000000 0.000000 0.000000 4
8.000000 -0.500000 0.000000 0.000000 -0.250000 4
9.000000 -0.500000 0.000000 0.500000 -0.250000 4
9.000000 0.000000 0.000000 0.500000 0.000000 4
8.000000 0.000000 0.000000 0.000000 0.000000 4
7.750000 0.001000 13.000000 0.0 0.0 5
9.250000 0.001000 13.000000 1.0 0.0 5 
9.250000 0.001000 14.000000 1.0 1.0 5
7.750000 0.001000 14.000000 0.0 1.0 5
7.750000 0.400000 13.000000 0.875000 0.200000 5
9.250000 0.400000 13.000000 1.625000 0.200000 5
9.250000 0.450000 13.000000 1.625000 0.225000 5
7.750000 0.450000 13.000000 0.875000 0.225000 5
7.750000 0.400000 13.050000 0.875000 0.200000 5
9.250000 0.400000 13.050000 1.625000 0.200000 5
9.250000 0.450000 13.050000 1.625000 0.225000 5
7.750000 0.450000 13.050000 0.875000 0.225000 5
7.750000 0.400000 13.000000 0.0 0.0 5
9.250000 0.400000 13.000000 1.0 0.0 5 
9.250000 0.400000 13.050000 1.0 1.0 5
7.750000 0.400000 13.050000 0.0 1.0 5
7.750000 0.450000 13.000000 0.0 0.0 5
9.250000 0.450000 13.000000 1.0 0.0 5 
9.250000 0.450000 13.050000 1.0 1.0 5
7.750000 0.450000 13.050000 0.0 1.0 5
7.750000 0.400000 13.950000 0.875000 0.200000 5
9.250000 0.400000 13.950000 1.625000 0.200000 5
9.250000 0.450000 13.950000 1.625000 0.225000 5
7.750000 0.450000 13.950000 0.875000 0.225000 5
7.750000 0.400000 14.000000 0.875000 0.200000 5
9.250000 0.400000 14.000000 1.625000 0.200000 5
9.250000 0.450000 14.000000 1.625000 0.225000 5
7.750000 0.450000 14.000000 0.875000 0.225000 5
7.750000 0.400000 13.950000 0.0 0.0 5
9.250000 0.400000 13.950000 1.0 0.0 5 
9.250000 0.400000 14.000000 1.0 1.0 5
7.750000 0.400000 14.000000 0.0 1.0 5
7.750000 0.450000 13.950000 0.0 0.0 5
9.250000 0.450000 13.950000 1.0 0.0 5 
9.250000 0.450000 14.000000 1.0 1.0 5
7.750000 0.450000 14.000000 0.0 1.0 5
7.750000 0.000000 13.000000 0.875000 0.000000 5
7.800000 0.000000 13.000000 0.900000 0.000000 5
7.800000 0.400000 13.000000 0.900000 0.200000 5
7.750000 0.400000 13.000000 0.875000 0.200000 5
7.750000 0.000000 13.050000 0.875000 0.000000 5
7.800000 0.000000 13.050000 0.900000 0.000000 5
7.800000 0.400000 13.050000 0.900000 0.200000 5
7.750000 0.400000 13.050000 0.875000 0.200000 5
7.750000 0.000000 13.000000 0.500000 0.000000 5
7.750000 0.000000 13.050000 0.525000 0.000000 5
7.750000 0.450000 13.050000 0.525000 0.225000 5
7.750000 0.450000 13.000000 0.500000 0.225000 5
7.800000 0.000000 13.000000 0.500000 0.000000 5
7.800000 0.000000 13.050000 0.525000 0.000000 5
7.800000 0.400000 13.050000 0.525000 0.200000 5
7.800000 0.400000 13.000000 0.500000 0.200000 5
7.750000 0.000000 13.950000 0.875000 0.000000 5
7.800000 0.000000 13.950000 0.900000 0.000000 5
7.800000 0.400000 13.950000 0.900000 0.200000 5
7.750000 0.400000 13.950000 0.875000 0.200000 5
7.750000 0.000000 14.000000 0.875000 0.000000 5
7.800000 0.000000 14.000000 0.900000 0.000000 5
7.800000 0.400000 14.000000 0.900000 0.200000 5
7.750000 0.400000 14.000000 0.875000 0.200000 5
7.750000 0.000000 13.950000 0.975000 0.000000 5
7.750000 0.000000 14.000000 1.000000 0.000000 5
7.750000 0.450000 14.000000 1.000000 0.225000 5
7.750000 0.450000 13.950000 0.975000 0.225000 5
7.800000 0.000000 13.950000 0.975000 0.000000 5
7.800000 0.000000 14.000000 1.000000 0.000000 5
7.800000 0.400000 14.000000 1.000000 0.200000 5
7.800000 0.400000 13.950000 0.975000 0.200000 5
9.200000 0.000000 13.000000 0.600000 0.000000 5
9.250000 0.000000 13.000000 0.625000 0.000000 5
9.250000 0.400000 13.000000 0.625000 0.200000 5
9.200000 0.400000 13.000000 0.600000 0.200000 5
9.200000 0.000000 13.050000 0.600000 0.000000 5
9.250000 0.000000 13.050000 0.625000 0.000000 5
9.250000 0.400000 13.050000 0.625000 0.200000 5
9.200000 0.400000 13.050000 0.600000 0.200000 5
9.200000 0.000000 13.000000 0.500000 0.000000 5
9.200000 0.000000 13.050000 0.525000 0.000000 5
9.200000 0.400000 13.050000 0.525000 0.200000 5
9.200000 0.400000 13.000000 0.500000 0.200000 5
9.250000 0.000000 13.000000 0.500000 0.000000 5
9.250000 0.000000 13.050000 0.525000 0.000000 5
9.250000 0.450000 13.050000 0.525000 0.225000 5
9.250000 0.450000 13.000000 0.500000 0.225000 5
9.200000 0.000000 13.950000 0.600000 0.000000 5
9.250000 0.000000 13.950000 0.625000 0.000000 5
9.250000 0.400000 13.950000 0.625000 0.200000 5
9.200000 0.400000 13.950000 0.600000 0.200000 5
9.200000 0.000000 14.000000 0.600000 0.000000 5
9.250000 0.000000 14.000000 0.625000 0.000000 5
9.250000 0.400000 14.000000 0.625000 0.200000 5
9.200000 0.400000 14.000000 0.600000 0.200000 5
9.200000 0.000000 13.950000 0.975000 0.000000 5
9.200000 0.000000 14.000000 1.000000 0.000000 5
9.200000 0.400000 14.000000 1.000000 0.200000 5
9.200000 0.400000 13.950000 0.975000 0.200000 5
9.250000 0.000000 13.950000 0.975000 0.000000 5
9.250000 0.000000 14.000000 1.000000 0.000000 5
9.250000 0.450000 14.000000 1.000000 0.225000 5
9.250000 0.450000 13.950000 0.975000 0.225000 5
