9
8.000000 -0.500000 15.000000 0.0 0.0 3
9.000000 -0.500000 15.000000 1.0 0.0 3
9.000000 2.000000 16.000000 1.0 1.0 3
8.000000 2.000000 16.000000 0.0 1.0 3
8.000000 -0.500000 0.000000 0.0 0.0 3
9.000000 -0.500000 0.000000 1.0 0.0 3
9.000000 -0.500000 2.000000 1.0 1.0 3
8.000000 -0.500000 2.000000 0.0 1.0 3
8.000000 -0.500000 2.000000 0.0 0.0 3
9.000000 -0.500000 2.000000 1.0 0.0 3
9.000000 -0.500000 4.000000 1.0 1.0 3
8.000000 -0.500000 4.000000 0.0 1.0 3
8.000000 -0.500000 4.000000 0.0 0.0 3
9.000000 -0.500000 4.000000 1.0 0.0 3
9.000000 -0.500000 6.000000 1.0 1.0 3
8.000000 -0.500000 6.000000 0.0 1.0 3
8.000000 -0.500000 6.000000 0.0 0.0 3
9.000000 -0.500000 6.000000 1.0 0.0 3
9.000000 -0.500000 8.000000 1.0 1.0 3
8.000000 -0.500000 8.000000 0.0 1.0 3
8.000000 -0.500000 8.000000 0.0 0.0 3
9.000000 -0.500000 8.000000 1.0 0.0 3
9.000000 -0.500000 10.000000 1.0 1.0 3
8.000000 -0.500000 10.000000 0.0 1.0 3
8.000000 -0.500000 10.000000 0.0 0.0 3
9.000000 -0.500000 10.000000 1.0 0.0 3
9.000000 -0.500000 12.000000 1.0 1.0 3
8.000000 -0.500000 12.000000 0.0 1.0 3
8.000000 -0.500000 12.000000 0.0 0.0 3
9.000000 -0.500000 12.000000 1.0 0.0 3
9.000000 -0.500000 14.000000 1.0 1.0 3
8.000000 -0.500000 14.000000 0.0 1.0 3
8.000000 -0.500000 14.000000 0.0 0.0 3
9.000000 -0.500000 14.000000 1.0 0.0 3
9.000000 -0.500000 15.000000 1.0 1.0 3
8.000000 -0.500000 15.000000 0.0 1.0 3
